1492886971878351342
1
1112.3 483.723 1367.0 772.656 
1492886971920068552
1
1119.32 478.123 1363.82 781.949 
1492886971961694577
1
1125.85 486.083 1367.0 784.694 
1492886972003375023
1
1126.3 479.996 1367.0 802.503 
1492886972045023191
1
1129.39 483.672 1367.0 798.685 
1492886972086711116
1
1132.83 484.258 1367.0 805.343 
1492886972128478637
1
1146.46 485.493 1367.0 795.709 
1492886972170159319
1
1165.07 490.154 1366.51 784.846 
1492886972211894116
1
1164.89 499.013 1367.0 777.582 
1492886972253523775
1
1175.43 498.305 1367.0 774.853 
1492886972295008025
1
1201.05 502.957 1367.0 795.601 
1492886972336742137
1
1215.11 516.178 1367.0 799.786 
1492886972378380933
1
1222.13 535.909 1367.0 802.344 
1492886972420061101
1
1248.2 541.66 1367.0 815.06 
1492886972461732675
1
1269.65 546.764 1367.0 825.336 
1492886972503351915
1
1294.6 555.292 1366.55 834.048 
1492886972545038067
0
1492886972586650739
0
1492886972711676221
0
1492886973086673377
0
1492886973211648485
0
1492886974045194366
0
1492886974753395399
0
1492886974961784077
0
1492886975003505502
0
1492886966711713695
1
631.925 511.136 724.125 598.754 
1492886966795035442
1
632.098 512.691 723.836 598.926 
1492886966836714228
1
634.419 511.715 723.286 599.896 
1492886967711682012
1
643.178 527.803 738.305 614.316 
1492886967755865992
1
644.021 529.298 739.451 614.398 
1492886967836744767
1
648.943 529.715 744.617 617.457 
1492886968670105771
1
721.441 517.04 824.43 611.523 
1492886969253556403
1
798.453 514.241 919.725 621.029 
1492886969628336526
1
864.732 506.149 999.358 618.271 
1492886969795150883
1
897.502 507.263 1038.57 620.356 
1492886970628354424
1
1035.58 504.549 1252.02 659.776 
1492886970670025719
1
1036.0 506.158 1259.01 663.576 
1492886970878446086
1
1044.47 499.227 1296.58 668.794 
1492886971420055294
1
1072.32 476.857 1367.0 706.007 
1492886973253380766
0
1492886973295055180
0
1492886973336711909
0
1492886974253494680
0
1492886974711925206
0
1492886975211707966
0
1492886966670151390
1
631.951 511.088 724.68 599.347 
1492886967086746775
1
634.105 516.714 722.817 601.057 
1492886967170196472
1
634.61 519.584 723.492 604.121 
1492886968045059931
1
660.301 528.357 757.377 623.591 
1492886968961646355
1
757.767 514.095 870.66 616.0 
1492886969045076387
1
767.044 517.468 880.086 614.807 
1492886969086675929
1
772.432 515.31 890.32 619.054 
1492886969961778090
1
923.205 505.148 1077.13 622.647 
1492886970295097470
1
988.193 503.291 1167.25 639.214 
1492886971003422545
1
1049.43 489.321 1319.02 672.474 
1492886971711716409
1
1094.14 474.732 1367.0 745.231 
1492886971753566980
1
1104.76 478.381 1367.0 752.684 
1492886971836719587
1
1114.92 481.967 1367.0 766.801 
1492886972836957520
0
1492886973044999013
0
1492886973711675563
0
1492886974128456155
0
1492886974670058387
0
1492886975420041356
0
1492886966628326731
1
631.953 509.781 725.244 599.748 
1492886967545008555
1
639.923 524.637 732.785 608.732 
1492886967878469329
1
651.42 530.254 745.581 618.506 
1492886968711784843
1
723.833 514.996 828.332 610.25 
1492886968797434750
1
732.763 511.435 843.786 611.939 
1492886968836733163
1
740.578 513.065 849.121 612.354 
1492886969670044606
1
874.852 506.772 1010.31 616.675 
1492886969920009819
1
917.31 506.573 1068.87 622.791 
1492886970755670850
1
1040.23 499.705 1270.55 663.984 
1492886970795091777
1
1043.37 498.093 1279.42 665.278 
1492886971253410607
1
1062.03 481.646 1363.55 687.433 
1492886971545003353
1
1073.42 482.84 1367.0 718.011 
1492886971586771341
1
1072.22 480.769 1367.0 725.135 
1492886973461707947
0
1492886973503485290
0
1492886973920160029
0
1492886974420038001
0
1492886974461686754
0
1492886966336745791
1
634.234 509.512 724.375 601.251 
1492886967253316531
1
636.969 519.582 725.929 604.637 
1492886967420080465
1
639.216 520.642 730.25 607.696 
1492886968172460005
1
670.573 530.079 769.416 621.743 
1492886968211685818
1
675.371 527.875 773.336 620.608 
1492886969128359384
1
782.916 516.659 898.199 618.901 
1492886969170081391
1
788.048 517.254 904.919 619.318 
1492886970086773119
1
948.98 506.518 1110.62 627.321 
1492886971045026224
1
1054.57 487.031 1328.38 674.223 
1492886971086753594
1
1056.12 483.911 1337.21 676.12 
1492886971795110372
1
1104.35 480.991 1367.0 756.877 
1492886972753456704
0
1492886973670121792
0
1492886974586822575
0
1492886966420002847
1
631.947 510.723 724.617 598.964 
1492886966461740995
1
632.272 510.646 724.814 599.041 
1492886967378356039
1
637.497 522.699 729.282 607.207 
1492886967670116940
1
641.726 529.238 736.215 610.935 
1492886968380795721
1
685.981 526.43 787.086 616.571 
1492886969295145212
1
807.49 516.814 929.2 620.075 
1492886969336834411
1
814.285 515.914 936.484 619.213 
1492886970253517222
1
978.94 504.225 1156.91 635.925 
1492886970336709041
1
993.927 505.195 1178.71 641.424 
1492886971211668561
1
1058.29 481.697 1355.99 683.163 
1492886972878413029
0
1492886973836942014
0
1492886974336811227
0
1492886974503425198
0
1492886974836654709
0
1492886966586761327
1
631.795 510.75 724.279 598.616 
1492886967586789393
1
640.776 524.7 733.314 607.545 
1492886968461720933
1
698.064 523.228 798.294 615.445 
1492886968503465762
1
702.987 518.46 806.153 614.891 
1492886968753386244
1
726.567 515.522 835.743 607.87 
1492886970003385959
1
931.895 505.827 1088.7 624.611 
1492886970378374716
1
999.389 505.078 1188.17 641.212 
1492886970461723467
1
1016.31 507.066 1209.42 646.425 
1492886971336652311
1
1067.34 477.099 1367.0 692.777 
1492886973586697574
0
1492886966378360198
1
632.102 510.681 724.393 598.383 
1492886966753311893
1
632.12 512.233 724.371 598.807 
1492886967128356267
1
633.651 518.009 722.879 602.48 
1492886967795070068
1
647.91 529.596 742.95 615.489 
1492886968919992233
1
747.756 514.138 860.257 611.728 
1492886970420022504
1
1008.82 506.545 1202.14 645.314 
1492886971378315568
1
1069.94 478.29 1367.0 699.711 
1492886973129164971
0
1492886973378342686
0
1492886974295014608
0
1492886974545073915
0
1492886975128373298
0
1492886975253402224
0
1492886975295080451
0
1492886968086641515
1
661.835 530.896 761.751 621.337 
1492886969753373869
1
891.815 506.44 1027.42 618.284 
1492886971628452668
1
1079.7 477.497 1367.0 736.393 
1492886972628321089
0
1492886973545051620
0
1492886967295067527
1
636.748 522.079 726.445 604.466 
1492886967339110871
1
637.691 521.339 728.214 605.572 
1492886968253380168
1
677.006 527.536 774.255 617.18 
1492886969211720440
1
792.925 516.57 913.055 619.677 
1492886970170091276
1
963.997 503.752 1132.6 632.86 
1492886970586751987
1
1029.5 508.934 1243.27 657.28 
1492886971170035630
1
1054.9 484.21 1355.83 681.08 
1492886972961756622
0
1492886974920003360
0
1492886967920157130
1
654.501 528.695 749.008 619.2 
1492886968628447763
1
713.4 518.043 820.023 611.938 
1492886969545029820
1
853.899 509.24 981.102 616.024 
1492886969586769070
1
858.07 508.709 991.409 617.304 
1492886970503355953
1
1019.66 505.539 1221.67 650.37 
1492886966503393697
1
631.657 510.44 724.415 598.56 
1492886970545062632
1
1023.37 507.985 1233.44 655.952 
1492886967503366203
1
640.098 523.509 732.038 608.241 
1492886968003382907
1
658.91 529.538 755.665 620.842 
1492886968128360925
1
665.466 531.808 764.435 621.564 
1492886971128511279
1
1054.37 485.673 1343.41 679.295 
1492886972670096427
0
1492886973420066614
0
1492886975378375435
0
1492886975461781383
0
1492886967211641915
1
635.488 519.702 724.703 603.14 
1492886970920028278
1
1045.97 495.731 1306.7 667.695 
1492886971670022220
1
1085.36 474.34 1367.0 738.811 
1492886974003524978
0
1492886968589197379
1
706.388 518.081 813.486 614.159 
1492886972920100704
0
1492886966545069583
1
632.376 510.429 724.665 598.678 
1492886968420049683
1
688.261 523.778 791.841 616.42 
1492886970211773409
1
971.036 501.793 1143.51 633.079 
1492886973795045924
0
1492886967461756630
1
638.666 523.622 729.536 608.245 
1492886969378433311
1
819.208 513.019 945.778 620.492 
1492886971295043016
1
1059.8 481.943 1367.0 686.012 
1492886974795016214
0
1492886969503322594
1
841.82 509.012 971.319 617.963 
1492886968878500829
1
745.1 514.167 856.301 610.38 
1492886967003347282
1
634.512 513.975 723.228 598.974 
1492886971461851919
1
1073.18 477.488 1367.0 707.184 
1492886971503318136
1
1073.1 483.634 1367.0 710.361 
1492886972795060413
0
1492886974211876205
0
1492886975089047003
0
1492886974880807349
0
1492886970128346546
1
957.788 503.882 1121.63 628.218 
1492886973753360187
0
1492886974628379516
0
1492886966920105315
1
632.291 512.594 724.17 598.514 
1492886968295024308
1
681.315 525.798 780.383 618.195 
1492886973003393156
0
1492886973961760581
0
1492886969878407482
1
912.833 506.47 1057.71 619.914 
1492886974170017080
0
1492886975170267962
0
1492886969836765176
1
903.488 505.885 1047.81 621.054 
1492886970711660149
1
1039.2 502.556 1265.32 664.682 
1492886974378337775
0
1492886975336844789
0
1492886969005836914
1
765.535 513.097 873.846 614.503 
1492886970961701945
1
1050.36 494.284 1310.74 672.904 
1492886973628361366
0
1492886974086738175
0
1492886968336661988
1
684.561 526.743 785.604 616.911 
1492886969461677551
1
836.06 510.624 962.66 618.339 
1492886967045043283
1
633.988 515.784 723.67 600.485 
1492886967628372165
1
641.122 526.579 735.252 609.073 
1492886969420080542
1
831.031 513.619 955.359 620.281 
1492886970045125445
1
939.353 506.167 1098.53 626.52 
1492886967964172477
1
657.411 530.103 752.314 620.286 
1492886973878456428
0
1492886973170067942
0
1492886975045046493
0
1492886969711713392
1
879.897 506.584 1020.45 620.201 
1492886966878330254
1
634.156 513.347 723.552 599.38 
1492886970836775247
1
1041.01 502.129 1285.44 666.251 
