1492886966237796000
100.0 0.0
Lidar: False [0.0, 0.0, 0.0]
Radar: False [0.0, 0.0, 0.0]
RadarCam: False [0.0, -0.0, 0.0]
Camera: [0.0, 0.0, 0.0]
EstPos: [0.0, 0.0, 0.0]
Result: [0.0, -0.0, 0.0]
1492886966337874000
100.0 0.0
Lidar: False [0.0, 0.0, 0.0]
Radar: False [0.0, 0.0, 0.0]
RadarCam: False [0.0, -0.0, 0.0]
Camera: [0.0, 0.0, 0.0]
EstPos: [0.0, 0.0, 0.0]
Result: [0.0, -0.0, 0.0]
1492886966437983000
100.0 0.0
Lidar: False [0.0, 0.0, 0.0]
Radar: False [0.0, 0.0, 0.0]
RadarCam: False [0.0, -0.0, 0.0]
Camera: [0.0, 0.0, 0.0]
EstPos: [0.0, 0.0, 0.0]
Result: [0.0, -0.0, 0.0]
1492886966538043000
0.00369675241793 0.00369675241793
0.00369675241793
0.00369675241793 26.1806634783
Lidar: False [0.0, 0.0, 0.0]
Radar: False [0.0, 0.0, 0.0]
RadarCam: True [26.299813836347944, 0.09722434327956643, 0.0]
Camera: [26.180484586273284, 0.09678321057631825, 0.0]
EstPos: [0.0, 0.0, 0.0]
Result: [26.299813836347944, 0.09722434327956643, 0.0]
1492886966638133000
0.00369675241793 0.00369675241793
0.00369675241793
0.00369675241793 26.1806634783
Lidar: False [0.0, 0.0, 0.0]
Radar: True [26.27250984891182, -1.2020423677546985, 0.0]
RadarCam: True [26.299814201660382, 0.09722434463004222, 0.0]
Camera: [26.180484586273284, 0.09678321057631825, 0.0]
EstPos: [26.299813836347944, 0.09722434327956643, 0.0]
Result: [26.299814201660382, 0.09722434463004222, 0.0]
1492886966738239000
0.00369675241793 0.00369675241793
0.00369675241793
0.00369675241793 26.1806634783
Lidar: False [0.0, 0.0, 0.0]
Radar: True [26.272926330566406, -1.1930465698242188, 0.0]
RadarCam: True [26.299820636485805, 0.09722436841810701, 0.0]
Camera: [26.180484586273284, 0.09678321057631825, 0.0]
EstPos: [26.299814201660382, 0.09722434463004222, 0.0]
Result: [26.299820636485805, 0.09722436841810701, 0.0]
1492886966838331000
0.00369675241793 0.00369675241793
0.00369675241793
0.00369675241793 26.1806634783
Lidar: False [0.0, 0.0, 0.0]
Radar: True [26.278453659070262, -1.0642061704291463, 0.0]
RadarCam: True [26.29981385698655, 0.0972243433558626, 0.0]
Camera: [26.180484586273284, 0.09678321057631825, 0.0]
EstPos: [26.299820636485805, 0.09722436841810701, 0.0]
Result: [26.29981385698655, 0.0972243433558626, 0.0]
1492886966938408000
0.00369675241793 0.004436047332
0.004436047332
0.004436047332 28.0072213953
Lidar: True [21.750000000000004, 6.5000000000000036, 0.0]
Radar: True [26.28201203772026, -0.9723890800304521, 0.0]
RadarCam: True [26.299735472745567, 0.11666763665924144, 0.0]
Camera: [28.00694582552452, 0.1242409522671234, 0.0]
EstPos: [26.29981385698655, 0.0972243433558626, 0.0]
Result: [26.299735472745567, 0.11666763665924144, 0.0]
1492886967038501000
0.00369675241793 0.004436047332
0.004436047332
0.004436047332 28.0072213953
Lidar: False [0.0, 0.0, 0.0]
Radar: True [26.186815569563006, -0.8309239381679842, 0.0]
RadarCam: True [26.19973733147893, 0.11622403726167391, 0.0]
Camera: [28.00694582552452, 0.1242409522671234, 0.0]
EstPos: [26.299735472745567, 0.11666763665924144, 0.0]
Result: [26.19973733147893, 0.11622403726167391, 0.0]
1492886967138586000
0.00369675241793 0.004436047332
0.004436047332
0.004436047332 28.0072213953
Lidar: False [0.0, 0.0, 0.0]
Radar: True [26.089602656664102, -0.7364586640773937, 0.0]
RadarCam: True [26.099738179486693, 0.11578043338045037, 0.0]
Camera: [28.00694582552452, 0.1242409522671234, 0.0]
EstPos: [26.19973733147893, 0.11622403726167391, 0.0]
Result: [26.099738179486693, 0.11578043338045037, 0.0]
1492886967238680000
0.00369675241793 0.004436047332
0.004436047332
0.004436047332 28.0072213953
Lidar: False [0.0, 0.0, 0.0]
Radar: True [25.99202811491225, -0.6435682050278629, 0.0]
RadarCam: True [25.99973851747734, 0.1153368272367519, 0.0]
Camera: [28.00694582552452, 0.1242409522671234, 0.0]
EstPos: [26.099738179486693, 0.11578043338045037, 0.0]
Result: [25.99973851747734, 0.1153368272367519, 0.0]
1492886967338764000
0.004436047332 0.00448579324757
0.00448579324757
0.00448579324757 28.3367181176
Lidar: False [0.0, 0.0, 0.0]
Radar: True [25.80873565014658, -0.630751876076512, 0.0]
RadarCam: True [25.81618237783559, 0.11580683335782882, 0.0]
Camera: [28.336433017571892, 0.12711223249021492, 0.0]
EstPos: [25.99973851747734, 0.1153368272367519, 0.0]
Result: [25.81618237783559, 0.11580683335782882, 0.0]
1492886967438823000
0.004436047332 0.00448579324757
0.00448579324757
0.00448579324757 28.3367181176
Lidar: False [0.0, 0.0, 0.0]
Radar: True [25.71018759998789, -0.6283434583190317, 0.0]
RadarCam: True [25.717605894188328, 0.11536463666709966, 0.0]
Camera: [28.336433017571892, 0.12711223249021492, 0.0]
EstPos: [25.81618237783559, 0.11580683335782882, 0.0]
Result: [25.717605894188328, 0.11536463666709966, 0.0]
1492886967538931000
0.004436047332 0.00448579324757
0.00448579324757
0.00448579324757 28.3367181176
Lidar: False [0.0, 0.0, 0.0]
Radar: True [25.592357635498047, -0.6254637837409973, 0.0]
RadarCam: True [25.59974193228402, 0.11483591975631177, 0.0]
Camera: [28.336433017571892, 0.12711223249021492, 0.0]
EstPos: [25.717605894188328, 0.11536463666709966, 0.0]
Result: [25.59974193228402, 0.11483591975631177, 0.0]
1492886967639019000
0.004436047332 0.00448579324757
0.00448579324757
0.00448579324757 28.3367181176
Lidar: False [0.0, 0.0, 0.0]
Radar: True [25.409109018782942, -0.5836541984420885, 0.0]
RadarCam: True [25.415555770858482, 0.11400969317521442, 0.0]
Camera: [28.336433017571892, 0.12711223249021492, 0.0]
EstPos: [25.59974193228402, 0.11483591975631177, 0.0]
Result: [25.415555770858482, 0.11400969317521442, 0.0]
1492886967739108000
0.00448579324757 -0.00150658421281
-0.00150658421281
-0.00150658421281 29.0195306024
Lidar: False [0.0, 0.0, 0.0]
Radar: True [25.20823404410672, -0.6160759494066849, 0.0]
RadarCam: True [25.215732588686272, -0.03798965337552594, 0.0]
Camera: [29.019497668208764, -0.043720350129417794, 0.0]
EstPos: [25.415555770858482, 0.11400969317521442, 0.0]
Result: [25.215732588686272, -0.03798965337552594, 0.0]
1492886967839173000
0.00448579324757 -0.00150658421281
-0.00150658421281
-0.00150658421281 29.0195306024
Lidar: False [0.0, 0.0, 0.0]
Radar: True [25.00152977981923, -0.8936878307014695, 0.0]
RadarCam: True [25.017468870012745, -0.03769095216100206, 0.0]
Camera: [29.019497668208764, -0.043720350129417794, 0.0]
EstPos: [25.215732588686272, -0.03798965337552594, 0.0]
Result: [25.017468870012745, -0.03769095216100206, 0.0]
1492886967939256000
0.00448579324757 -0.00150658421281
-0.00150658421281
-0.00150658421281 29.0195306024
Lidar: False [0.0, 0.0, 0.0]
Radar: True [24.799339289602887, -0.9451496644642096, 0.0]
RadarCam: True [24.817315308501165, -0.037389403736939476, 0.0]
Camera: [29.019497668208764, -0.043720350129417794, 0.0]
EstPos: [25.017468870012745, -0.03769095216100206, 0.0]
Result: [24.817315308501165, -0.037389403736939476, 0.0]
1492886968039356000
0.00448579324757 -0.00150658421281
-0.00150658421281
-0.00150658421281 29.0195306024
Lidar: False [0.0, 0.0, 0.0]
Radar: True [24.506418746694187, -1.1688992948187178, 0.0]
RadarCam: True [24.534251957018697, -0.036962944637711936, 0.0]
Camera: [29.019497668208764, -0.043720350129417794, 0.0]
EstPos: [24.817315308501165, -0.037389403736939476, 0.0]
Result: [24.534251957018697, -0.036962944637711936, 0.0]
1492886968139459000
-0.00150658421281 -0.0168482666846
-0.0168482666846
-0.0168482666846 26.4683630769
Lidar: False [0.0, 0.0, 0.0]
Radar: True [24.287987230939677, -1.1878807515006562, 0.0]
RadarCam: True [24.31356712867604, -0.40968022827387446, 0.0]
Camera: [26.464606456885498, -0.44592494211381023, 0.0]
EstPos: [24.534251957018697, -0.036962944637711936, 0.0]
Result: [24.31356712867604, -0.40968022827387446, 0.0]
1492886968239517000
-0.00150658421281 -0.0168482666846
-0.0168482666846
-0.0168482666846 26.4683630769
Lidar: False [0.0, 0.0, 0.0]
Radar: True [23.90233431396045, -1.210840068394929, 0.0]
RadarCam: True [23.92958714326188, -0.4032102188653604, 0.0]
Camera: [26.464606456885498, -0.44592494211381023, 0.0]
EstPos: [24.31356712867604, -0.40968022827387446, 0.0]
Result: [23.92958714326188, -0.4032102188653604, 0.0]
1492886968339606000
-0.00150658421281 -0.0168482666846
-0.0168482666846
-0.0168482666846 26.4683630769
Lidar: False [0.0, 0.0, 0.0]
Radar: True [23.58693299176433, -1.4300442341212822, 0.0]
RadarCam: True [23.62689025331262, -0.39810981832290177, 0.0]
Camera: [26.464606456885498, -0.44592494211381023, 0.0]
EstPos: [23.92958714326188, -0.4032102188653604, 0.0]
Result: [23.62689025331262, -0.39810981832290177, 0.0]
1492886968439708000
-0.00150658421281 -0.0168482666846
-0.0168482666846
-0.0168482666846 26.4683630769
Lidar: False [0.0, 0.0, 0.0]
Radar: True [23.277834858141365, -1.3421915347005964, 0.0]
RadarCam: True [23.31318860885905, -0.39282398919591804, 0.0]
Camera: [26.464606456885498, -0.44592494211381023, 0.0]
EstPos: [23.62689025331262, -0.39810981832290177, 0.0]
Result: [23.31318860885905, -0.39282398919591804, 0.0]
1492886968539800000
-0.00150658421281 -0.0168482666846
-0.0168482666846
-0.0168482666846 26.4683630769
Lidar: True [20.0, 4.900000000000002, 0.0]
Radar: True [22.887373321614245, -1.4334430935231992, 0.0]
RadarCam: True [22.92896313538521, -0.38634984334770367, 0.0]
Camera: [26.464606456885498, -0.44592494211381023, 0.0]
EstPos: [23.31318860885905, -0.39282398919591804, 0.0]
Result: [22.92896313538521, -0.38634984334770367, 0.0]
1492886968639864000
-0.0168482666846 -0.0415951497832
-0.0415951497832
-0.0415951497832 25.8991509677
Lidar: False [0.0, 0.0, 0.0]
Radar: True [22.58780330012743, -1.4211040765312375, 0.0]
RadarCam: True [22.612887264413736, -0.941129262373889, 0.0]
Camera: [25.876749405864306, -1.0769684470722292, 0.0]
EstPos: [22.92896313538521, -0.38634984334770367, 0.0]
Result: [22.612887264413736, -0.941129262373889, 0.0]
1492886968739974000
-0.0168482666846 -0.0415951497832
-0.0415951497832
-0.0415951497832 25.8991509677
Lidar: False [0.0, 0.0, 0.0]
Radar: True [22.16832475413659, -1.6385182159273493, 0.0]
RadarCam: True [22.209568961404155, -0.9243434953652401, 0.0]
Camera: [25.876749405864306, -1.0769684470722292, 0.0]
EstPos: [22.612887264413736, -0.941129262373889, 0.0]
Result: [22.209568961404155, -0.9243434953652401, 0.0]
1492886968840037000
-0.0168482666846 -0.0415951497832
-0.0415951497832
-0.0415951497832 25.8991509677
Lidar: False [0.0, 0.0, 0.0]
Radar: True [21.839566761326246, -1.8220100300833175, 0.0]
RadarCam: True [21.89648157521151, -0.9113130628786394, 0.0]
Camera: [25.876749405864306, -1.0769684470722292, 0.0]
EstPos: [22.209568961404155, -0.9243434953652401, 0.0]
Result: [21.89648157521151, -0.9113130628786394, 0.0]
1492886968940148000
-0.0168482666846 -0.0415951497832
-0.0415951497832
-0.0415951497832 25.8991509677
Lidar: False [0.0, 0.0, 0.0]
Radar: True [21.455569113507497, -1.8016744083562648, 0.0]
RadarCam: True [21.51245825669833, -0.8953303368224472, 0.0]
Camera: [25.876749405864306, -1.0769684470722292, 0.0]
EstPos: [21.89648157521151, -0.9113130628786394, 0.0]
Result: [21.51245825669833, -0.8953303368224472, 0.0]
1492886969040235000
-0.0415951497832 -0.0812603567945
-0.0812603567945
-0.0812603567945 24.3295054545
Lidar: False [0.0, 0.0, 0.0]
Radar: True [20.95815161890815, -1.860369716604066, 0.0]
RadarCam: True [20.97112855903965, -1.7078822335956079, 0.0]
Camera: [24.249222796554868, -1.9748492159658102, 0.0]
EstPos: [21.51245825669833, -0.8953303368224472, 0.0]
Result: [20.97112855903965, -1.7078822335956079, 0.0]
1492886969140336000
-0.0415951497832 -0.0812603567945
-0.0812603567945
-0.0812603567945 24.3295054545
Lidar: False [0.0, 0.0, 0.0]
Radar: True [20.525048725321547, -2.0499348678491573, 0.0]
RadarCam: True [20.559097469173235, -1.6743265488793195, 0.0]
Camera: [24.249222796554868, -1.9748492159658102, 0.0]
EstPos: [20.97112855903965, -1.7078822335956079, 0.0]
Result: [20.559097469173235, -1.6743265488793195, 0.0]
1492886969240431000
-0.0415951497832 -0.0812603567945
-0.0812603567945
-0.0812603567945 24.3295054545
Lidar: False [0.0, 0.0, 0.0]
Radar: True [20.09826357854085, -2.2990765427173914, 0.0]
RadarCam: True [20.16258105832801, -1.6420343748313115, 0.0]
Camera: [24.249222796554868, -1.9748492159658102, 0.0]
EstPos: [20.559097469173235, -1.6743265488793195, 0.0]
Result: [20.16258105832801, -1.6420343748313115, 0.0]
1492886969340512000
-0.0415951497832 -0.0812603567945
-0.0812603567945
-0.0812603567945 24.3295054545
Lidar: False [0.0, 0.0, 0.0]
Radar: True [19.677485574955245, -2.4509603760003373, 0.0]
RadarCam: True [19.764106073004818, -1.6095826950826604, 0.0]
Camera: [24.249222796554868, -1.9748492159658102, 0.0]
EstPos: [20.16258105832801, -1.6420343748313115, 0.0]
Result: [19.764106073004818, -1.6095826950826604, 0.0]
1492886969440584000
-0.0812603567945 -0.127110224454
-0.127110224454
-0.127110224454 22.5104770093
Lidar: False [0.0, 0.0, 0.0]
Radar: True [19.14954678607718, -2.6317600951334743, 0.0]
RadarCam: True [19.173601147945252, -2.4503718758605544, 0.0]
Camera: [22.328870733234396, -2.853612967238909, 0.0]
EstPos: [19.764106073004818, -1.6095826950826604, 0.0]
Result: [19.173601147945252, -2.4503718758605544, 0.0]
1492886969540669000
-0.0812603567945 -0.127110224454
-0.127110224454
-0.127110224454 22.5104770093
Lidar: True [19.200000000000003, -4.300000000000001, 0.0]
Radar: True [18.631147726455936, -2.7219802731770666, 0.0]
RadarCam: True [18.677031345278408, -2.3869106267468556, 0.0]
Camera: [22.328870733234396, -2.853612967238909, 0.0]
EstPos: [19.173601147945252, -2.4503718758605544, 0.0]
Result: [19.200000000000003, -4.300000000000001, 0.0]
1492886969640748000
-0.0812603567945 -0.127110224454
-0.127110224454
-0.127110224454 22.5104770093
Lidar: False [0.0, 0.0, 0.0]
Radar: True [18.086083024870955, -2.975024448190979, 0.0]
RadarCam: True [18.181261711783524, -2.3235516386544313, 0.0]
Camera: [22.328870733234396, -2.853612967238909, 0.0]
EstPos: [19.200000000000003, -4.300000000000001, 0.0]
Result: [18.086083024870955, -2.975024448190979, 0.0]
1492886969740858000
-0.0812603567945 -0.127110224454
-0.127110224454
-0.127110224454 22.5104770093
Lidar: False [0.0, 0.0, 0.0]
Radar: True [17.54619535220419, -3.1611026607655437, 0.0]
RadarCam: True [17.68483670146129, -2.2601088938940004, 0.0]
Camera: [22.328870733234396, -2.853612967238909, 0.0]
EstPos: [18.086083024870955, -2.975024448190979, 0.0]
Result: [17.54619535220419, -3.1611026607655437, 0.0]
1492886969840954000
-0.127110224454 -0.179736542472
-0.179736542472
-0.179736542472 21.8965549091
Lidar: True [17.65, -4.75, 0.0]
Radar: True [17.02136461557116, -3.3176727154022507, 0.0]
RadarCam: True [17.06231815713538, -3.1001781767231926, 0.0]
Camera: [21.54381948143739, -3.914455139361297, 0.0]
EstPos: [17.54619535220419, -3.1611026607655437, 0.0]
Result: [17.65, -4.75, 0.0]
1492886969941040000
-0.127110224454 -0.179736542472
-0.179736542472
-0.179736542472 21.8965549091
Lidar: True [17.1, -4.899999999999999, 0.0]
Radar: True [16.459251907923143, -3.4995399639624, 0.0]
RadarCam: True [16.556101194006278, -3.008199890576674, 0.0]
Camera: [21.54381948143739, -3.914455139361297, 0.0]
EstPos: [17.65, -4.75, 0.0]
Result: [17.1, -4.899999999999999, 0.0]
1492886970041103000
-0.127110224454 -0.179736542472
-0.179736542472
-0.179736542472 21.8965549091
Lidar: True [16.450000000000003, -4.949999999999999, 0.0]
Radar: True [15.908591938508883, -3.658648263906215, 0.0]
RadarCam: True [16.060914148412483, -2.9182257113351553, 0.0]
Camera: [21.54381948143739, -3.914455139361297, 0.0]
EstPos: [17.1, -4.899999999999999, 0.0]
Result: [16.450000000000003, -4.949999999999999, 0.0]
1492886970141187000
-0.127110224454 -0.179736542472
-0.179736542472
-0.179736542472 21.8965549091
Lidar: True [16.05, -5.0, 0.0]
Radar: True [15.370621052076373, -3.761458851225877, 0.0]
RadarCam: True [15.569262148689749, -2.828893840598393, 0.0]
Camera: [21.54381948143739, -3.914455139361297, 0.0]
EstPos: [16.450000000000003, -4.949999999999999, 0.0]
Result: [16.05, -5.0, 0.0]
1492886970241274000
-0.179736542472 -0.230815252268
-0.230815252268
-0.230815252268 19.9059590083
Lidar: True [16.25, -5.049999999999997, 0.0]
Radar: True [14.752315715847846, -3.805363713638043, 0.0]
RadarCam: True [14.831175088651984, -3.48537766431033, 0.0]
Camera: [19.378057200721454, -4.553910754974524, 0.0]
EstPos: [16.05, -5.0, 0.0]
Result: [16.25, -5.049999999999997, 0.0]
1492886970341338000
-0.179736542472 -0.230815252268
-0.230815252268
-0.230815252268 19.9059590083
Lidar: True [15.600000000000001, -5.049999999999997, 0.0]
Radar: True [14.089346824236522, -3.955897877418387, 0.0]
RadarCam: True [14.246071271294074, -3.3478762347788065, 0.0]
Camera: [19.378057200721454, -4.553910754974524, 0.0]
EstPos: [16.25, -5.049999999999997, 0.0]
Result: [15.600000000000001, -5.049999999999997, 0.0]
1492886970441448000
-0.179736542472 -0.230815252268
-0.230815252268
-0.230815252268 19.9059590083
Lidar: True [15.050000000000002, -4.949999999999999, 0.0]
Radar: True [13.534655528681634, -4.071539872132699, 0.0]
RadarCam: True [13.758975821548734, -3.2334071120840986, 0.0]
Camera: [19.378057200721454, -4.553910754974524, 0.0]
EstPos: [15.600000000000001, -5.049999999999997, 0.0]
Result: [15.050000000000002, -4.949999999999999, 0.0]
1492886970541536000
-0.179736542472 -0.230815252268
-0.230815252268
-0.230815252268 19.9059590083
Lidar: True [14.400000000000002, -4.899999999999999, 0.0]
Radar: True [12.874719682749788, -4.185573028948305, 0.0]
RadarCam: True [13.178974556016593, -3.0971047999561665, 0.0]
Camera: [19.378057200721454, -4.553910754974524, 0.0]
EstPos: [15.050000000000002, -4.949999999999999, 0.0]
Result: [14.400000000000002, -4.899999999999999, 0.0]
1492886970641634000
-0.230815252268 -0.279482004083
-0.279482004083
-0.279482004083 16.6111795862
Lidar: True [14.150000000000002, -4.800000000000001, 0.0]
Radar: True [12.289124026979257, -4.340877004002965, 0.0]
RadarCam: True [12.527546359952328, -3.595325397457895, 0.0]
Camera: [15.966640244800304, -4.582323268642234, 0.0]
EstPos: [14.400000000000002, -4.899999999999999, 0.0]
Result: [14.150000000000002, -4.800000000000001, 0.0]
1492886970741684000
-0.230815252268 -0.279482004083
-0.279482004083
-0.279482004083 16.6111795862
Lidar: True [13.300000000000002, -4.650000000000002, 0.0]
Radar: True [11.650259247244808, -4.340425523001048, 0.0]
RadarCam: True [11.950129934567707, -3.4296105895102533, 0.0]
Camera: [15.966640244800304, -4.582323268642234, 0.0]
EstPos: [14.150000000000002, -4.800000000000001, 0.0]
Result: [13.300000000000002, -4.650000000000002, 0.0]
1492886970841783000
-0.230815252268 -0.279482004083
-0.279482004083
-0.279482004083 16.6111795862
Lidar: True [12.799999999999999, -4.550000000000001, 0.0]
Radar: True [11.016418197684, -4.331034711767095, 0.0]
RadarCam: True [11.377899542535193, -3.265384139848197, 0.0]
Camera: [15.966640244800304, -4.582323268642234, 0.0]
EstPos: [13.300000000000002, -4.650000000000002, 0.0]
Result: [12.799999999999999, -4.550000000000001, 0.0]
1492886970941903000
-0.230815252268 -0.279482004083
-0.279482004083
-0.279482004083 16.6111795862
Lidar: True [12.300000000000002, -4.450000000000003, 0.0]
Radar: True [10.43110687666861, -4.406877632362784, 0.0]
RadarCam: True [10.884423994637046, -3.123759824966044, 0.0]
Camera: [15.966640244800304, -4.582323268642234, 0.0]
EstPos: [12.799999999999999, -4.550000000000001, 0.0]
Result: [12.300000000000002, -4.450000000000003, 0.0]
1492886971041957000
-0.230815252268 -0.279482004083
-0.279482004083
-0.279482004083 16.6111795862
Lidar: True [11.900000000000002, -4.350000000000001, 0.0]
Radar: True [9.765242213923536, -4.448981712048343, 0.0]
RadarCam: True [10.314577360788979, -2.960217498602812, 0.0]
Camera: [15.966640244800304, -4.582323268642234, 0.0]
EstPos: [12.300000000000002, -4.450000000000003, 0.0]
Result: [11.900000000000002, -4.350000000000001, 0.0]
1492886971142058000
-0.279482004083 -0.304618331619
-0.304618331619
-0.304618331619 14.0036106977
Lidar: True [11.300000000000002, -4.2500000000000036, 0.0]
Radar: True [9.104024955870083, -4.4435016523610855, 0.0]
RadarCam: True [9.664151522116855, -3.0384457686796824, 0.0]
Camera: [13.358905403570201, -4.2000903550381254, 0.0]
EstPos: [11.900000000000002, -4.350000000000001, 0.0]
Result: [11.300000000000002, -4.2500000000000036, 0.0]
1492886971242118000
-0.279482004083 -0.304618331619
-0.304618331619
-0.304618331619 14.0036106977
Lidar: True [10.600000000000003, -4.100000000000001, 0.0]
Radar: True [8.55077456716121, -4.207502611518531, 0.0]
RadarCam: True [9.091149143020864, -2.8582916547646473, 0.0]
Camera: [13.358905403570201, -4.2000903550381254, 0.0]
EstPos: [11.300000000000002, -4.2500000000000036, 0.0]
Result: [10.600000000000003, -4.100000000000001, 0.0]
1492886971342219000
-0.279482004083 -0.304618331619
-0.304618331619
-0.304618331619 14.0036106977
Lidar: True [10.15, -3.9499999999999993, 0.0]
Radar: True [7.952075533117032, -4.062172898460658, 0.0]
RadarCam: True [8.518441035860352, -2.6782300610584624, 0.0]
Camera: [13.358905403570201, -4.2000903550381254, 0.0]
EstPos: [10.600000000000003, -4.100000000000001, 0.0]
Result: [10.15, -3.9499999999999993, 0.0]
1492886971442316000
-0.279482004083 -0.304618331619
-0.304618331619
-0.304618331619 14.0036106977
Lidar: True [9.6, -3.900000000000002, 0.0]
Radar: True [7.406954990248757, -4.003176270928708, 0.0]
RadarCam: True [8.03190273168181, -2.5252605791283966, 0.0]
Camera: [13.358905403570201, -4.2000903550381254, 0.0]
EstPos: [10.15, -3.9499999999999993, 0.0]
Result: [9.6, -3.900000000000002, 0.0]
1492886971542402000
-0.304618331619 -0.322196461082
-0.322196461082
-0.322196461082 11.2028885581
Lidar: True [8.950000000000001, -3.8000000000000007, 0.0]
Radar: True [6.7469496747675555, -3.971083545494748, 0.0]
RadarCam: True [7.425991061966551, -2.479010122354901, 0.0]
Camera: [10.626412510734252, -3.5474031625689593, 0.0]
EstPos: [9.6, -3.900000000000002, 0.0]
Result: [8.950000000000001, -3.8000000000000007, 0.0]
1492886971642464000
-0.304618331619 -0.322196461082
-0.322196461082
-0.322196461082 11.2028885581
Lidar: True [8.300000000000002, -3.6999999999999993, 0.0]
Radar: True [6.198609411110964, -3.891672636694225, 0.0]
RadarCam: True [6.942387687638227, -2.317569359746789, 0.0]
Camera: [10.626412510734252, -3.5474031625689593, 0.0]
EstPos: [8.950000000000001, -3.8000000000000007, 0.0]
Result: [8.300000000000002, -3.6999999999999993, 0.0]
1492886971742565000
-0.304618331619 -0.322196461082
-0.322196461082
-0.322196461082 11.2028885581
Lidar: True [7.8000000000000025, -3.700000000000003, 0.0]
Radar: True [5.585962890657855, -3.7579244815732276, 0.0]
RadarCam: True [6.385949139170481, -2.131814114068549, 0.0]
Camera: [10.626412510734252, -3.5474031625689593, 0.0]
EstPos: [8.300000000000002, -3.6999999999999993, 0.0]
Result: [7.8000000000000025, -3.700000000000003, 0.0]
1492886971842661000
-0.304618331619 -0.322196461082
-0.322196461082
-0.322196461082 11.2028885581
Lidar: True [7.6, -3.6000000000000014, 0.0]
Radar: True [4.952144647371078, -3.7603715757774347, 0.0]
RadarCam: True [5.898081670448314, -1.968949873694735, 0.0]
Camera: [10.626412510734252, -3.5474031625689593, 0.0]
EstPos: [7.8000000000000025, -3.700000000000003, 0.0]
Result: [7.6, -3.6000000000000014, 0.0]
1492886971942761000
-0.322196461082 -0.341249553171
-0.341249553171
-0.341249553171 8.79058773723
Lidar: True [6.5, -3.5, 0.0]
Radar: True [4.285984609495647, -3.6523267355806066, 0.0]
RadarCam: True [5.306384027196943, -1.884527317971167, 0.0]
Camera: [8.283698008555906, -2.9419007578298615, 0.0]
EstPos: [7.6, -3.6000000000000014, 0.0]
Result: [6.5, -3.5, 0.0]
1492886972042811000
-0.322196461082 -0.341249553171
-0.341249553171
-0.341249553171 8.79058773723
Lidar: True [5.9, -3.4499999999999993, 0.0]
Radar: True [3.7218777154272855, -3.524888483174755, 0.0]
RadarCam: True [4.830543439012868, -1.7155356688865364, 0.0]
Camera: [8.283698008555906, -2.9419007578298615, 0.0]
EstPos: [6.5, -3.5, 0.0]
Result: [5.9, -3.4499999999999993, 0.0]
1492886972142921000
-0.322196461082 -0.341249553171
-0.341249553171
-0.341249553171 8.79058773723
Lidar: True [5.550000000000001, -3.349999999999998, 0.0]
Radar: True [5.501519161813918, -3.0825197207742585, 0.0]
RadarCam: True [5.94260302360471, -2.110476301836171, 0.0]
Camera: [8.283698008555906, -2.9419007578298615, 0.0]
EstPos: [5.9, -3.4499999999999993, 0.0]
Result: [5.550000000000001, -3.349999999999998, 0.0]
1492886972243032000
-0.322196461082 -0.341249553171
-0.341249553171
-0.341249553171 8.79058773723
Lidar: True [4.9, -3.3000000000000007, 0.0]
Radar: True [5.54098626903555, -3.01564999047041, 0.0]
RadarCam: True [5.9446971151324215, -2.111220004642089, 0.0]
Camera: [8.283698008555906, -2.9419007578298615, 0.0]
EstPos: [5.550000000000001, -3.349999999999998, 0.0]
Result: [4.9, -3.3000000000000007, 0.0]
1492886972343071000
-0.341249553171 -0.360868864507
-0.360868864507
-0.360868864507 8.19258857143
Lidar: True [4.25, -3.1999999999999993, 0.0]
Radar: True [4.131531422291195, -2.9013877462386337, 0.0]
RadarCam: True [4.723351304457496, -1.7825698309134683, 0.0]
Camera: [7.664907151989754, -2.892698714363172, 0.0]
EstPos: [4.9, -3.3000000000000007, 0.0]
Result: [4.25, -3.1999999999999993, 0.0]
1492886972443207000
-0.341249553171 -0.360868864507
-0.360868864507
-0.360868864507 8.19258857143
Lidar: True [3.5500000000000007, -3.3999999999999986, 0.0]
Radar: True [3.4064892888291203, -2.982661583387787, 0.0]
RadarCam: True [4.236111062532782, -1.5986877311758687, 0.0]
Camera: [7.664907151989754, -2.892698714363172, 0.0]
EstPos: [4.25, -3.1999999999999993, 0.0]
Result: [3.5500000000000007, -3.3999999999999986, 0.0]
1492886972543260000
-0.341249553171 -0.360868864507
-0.360868864507
-0.360868864507 8.19258857143
Lidar: True [2.75, -3.4499999999999993, 0.0]
Radar: True [2.6863131736117443, -2.9956011414021075, 0.0]
RadarCam: True [3.7645051779517025, -1.4207059619303462, 0.0]
Camera: [7.664907151989754, -2.892698714363172, 0.0]
EstPos: [3.5500000000000007, -3.3999999999999986, 0.0]
Result: [2.75, -3.4499999999999993, 0.0]
1492886972643377000
-0.341249553171 -0.360868864507
-0.360868864507
-0.360868864507 8.19258857143
Lidar: True [2.0999999999999996, -3.299999999999997, 0.0]
Radar: True [6.754088494809377, 3.439756157620738, 0.0]
RadarCam: True [7.091357587293794, -2.6762438956001207, 0.0]
Camera: [7.664907151989754, -2.892698714363172, 0.0]
EstPos: [2.75, -3.4499999999999993, 0.0]
Result: [2.0999999999999996, -3.299999999999997, 0.0]
1492886972743436000
-0.360868864507 100.0
100.0
-0.360868864507 8.19258857143
Lidar: True [1.450000000000001, -3.1999999999999993, 0.0]
Radar: True [2.7894651280243035, -2.7649732209594884, 0.0]
RadarCam: True [3.6746427903683005, -1.3867923335095986, 0.0]
Camera: [7.664907151989754, -2.892698714363172, 0.0]
EstPos: [2.0999999999999996, -3.299999999999997, 0.0]
Result: [1.450000000000001, -3.1999999999999993, 0.0]
1492886972843506000
-0.360868864507 100.0
100.0
-0.360868864507 8.19258857143
Lidar: True [0.9499999999999957, -3.3999999999999986, 0.0]
Radar: True [6.095811655867898, 4.2272234143192335, 0.0]
RadarCam: True [6.940311279397294, -2.6192397529539715, 0.0]
Camera: [7.664907151989754, -2.892698714363172, 0.0]
EstPos: [1.450000000000001, -3.1999999999999993, 0.0]
Result: [0.9499999999999957, -3.3999999999999986, 0.0]
1492886972943592000
-0.360868864507 100.0
100.0
-0.360868864507 8.19258857143
Lidar: True [0.25, -3.25, 0.0]
Radar: True [5.360447930851833, 4.373406598272111, 0.0]
RadarCam: True [11.440139194350852, -4.317452942798371, 0.0]
Camera: [7.664907151989754, -2.892698714363172, 0.0]
EstPos: [0.9499999999999957, -3.3999999999999986, 0.0]
Result: [0.25, -3.25, 0.0]
1492886973043678000
-0.360868864507 100.0
100.0
-0.360868864507 8.19258857143
Lidar: True [-0.29999999999999716, -3.25, 0.0]
Radar: True [4.656879639247763, 4.4223328085543825, 0.0]
RadarCam: True [10.78724615392087, -4.071054281833744, 0.0]
Camera: [7.664907151989754, -2.892698714363172, 0.0]
EstPos: [0.25, -3.25, 0.0]
Result: [-0.29999999999999716, -3.25, 0.0]
1492886973143765000
100.0 100.0
100.0
100.0 0.0
Lidar: True [-1.0499999999999972, -3.25, 0.0]
Radar: True [4.034693399328789, 4.4753160883667755, 0.0]
RadarCam: False [0.0, -0.0, 0.0]
Camera: [0.0, 0.0, 0.0]
EstPos: [-0.29999999999999716, -3.25, 0.0]
Result: [-1.0499999999999972, -3.25, 0.0]
1492886973243875000
100.0 100.0
100.0
100.0 0.0
Lidar: True [-1.6999999999999993, -3.25, 0.0]
Radar: True [3.4637051832170545, 4.305223476954877, 0.0]
RadarCam: False [0.0, -0.0, 0.0]
Camera: [0.0, 0.0, 0.0]
EstPos: [-1.0499999999999972, -3.25, 0.0]
Result: [-1.6999999999999993, -3.25, 0.0]
1492886973343955000
100.0 100.0
100.0
100.0 0.0
Lidar: True [-2.5, -3.25, 0.0]
Radar: True ( 3.3210001,  4.13049126,  0.)
RadarCam: False [0.0, -0.0, 0.0]
Camera: [0.0, 0.0, 0.0]
EstPos: [-1.6999999999999993, -3.25, 0.0]
Result: [-2.5, -3.25, 0.0]
1492886973444054000
100.0 100.0
100.0
100.0 0.0
Lidar: True [-3.200000000000003, -3.150000000000002, 0.0]
Radar: False [0.0, 0.0, 0.0]
RadarCam: False [0.0, -0.0, 0.0]
Camera: [0.0, 0.0, 0.0]
EstPos: [-2.5, -3.25, 0.0]
Result: [-3.200000000000003, -3.150000000000002, 0.0]
1492886973544144000
100.0 100.0
100.0
100.0 0.0
Lidar: True [-3.849999999999998, -3.25, 0.0]
Radar: False [0.0, 0.0, 0.0]
RadarCam: False [0.0, -0.0, 0.0]
Camera: [0.0, 0.0, 0.0]
EstPos: [-3.200000000000003, -3.150000000000002, 0.0]
Result: [-3.849999999999998, -3.25, 0.0]
1492886973644198000
100.0 100.0
100.0
100.0 0.0
Lidar: True [-4.550000000000004, -3.1999999999999993, 0.0]
Radar: False [0.0, 0.0, 0.0]
RadarCam: False [0.0, -0.0, 0.0]
Camera: [0.0, 0.0, 0.0]
EstPos: [-3.849999999999998, -3.25, 0.0]
Result: [-4.550000000000004, -3.1999999999999993, 0.0]
1492886973744286000
100.0 100.0
100.0
100.0 0.0
Lidar: True [-5.299999999999997, -3.25, 0.0]
Radar: False [0.0, 0.0, 0.0]
RadarCam: False [0.0, -0.0, 0.0]
Camera: [0.0, 0.0, 0.0]
EstPos: [-4.550000000000004, -3.1999999999999993, 0.0]
Result: [-5.299999999999997, -3.25, 0.0]
1492886973844395000
100.0 100.0
100.0
100.0 0.0
Lidar: True [-6.099999999999998, -3.25, 0.0]
Radar: False [0.0, 0.0, 0.0]
RadarCam: False [0.0, -0.0, 0.0]
Camera: [0.0, 0.0, 0.0]
EstPos: [-5.299999999999997, -3.25, 0.0]
Result: [-6.099999999999998, -3.25, 0.0]
1492886973944459000
100.0 100.0
100.0
100.0 0.0
Lidar: True [-6.699999999999999, -3.25, 0.0]
Radar: False [0.0, 0.0, 0.0]
RadarCam: False [0.0, -0.0, 0.0]
Camera: [0.0, 0.0, 0.0]
EstPos: [-6.099999999999998, -3.25, 0.0]
Result: [-6.699999999999999, -3.25, 0.0]
1492886974044545000
100.0 100.0
100.0
100.0 0.0
Lidar: True [-7.350000000000001, -3.25, 0.0]
Radar: False [0.0, 0.0, 0.0]
RadarCam: False [0.0, -0.0, 0.0]
Camera: [0.0, 0.0, 0.0]
EstPos: [-6.699999999999999, -3.25, 0.0]
Result: [-7.350000000000001, -3.25, 0.0]
1492886974144633000
100.0 100.0
100.0
100.0 0.0
Lidar: True [-8.000000000000004, -3.299999999999997, 0.0]
Radar: False [0.0, 0.0, 0.0]
RadarCam: False [0.0, -0.0, 0.0]
Camera: [0.0, 0.0, 0.0]
EstPos: [-7.350000000000001, -3.25, 0.0]
Result: [-8.000000000000004, -3.299999999999997, 0.0]
1492886974244740000
100.0 100.0
100.0
100.0 0.0
Lidar: True [-8.600000000000001, -3.25, 0.0]
Radar: False [0.0, 0.0, 0.0]
RadarCam: False [0.0, -0.0, 0.0]
Camera: [0.0, 0.0, 0.0]
EstPos: [-8.000000000000004, -3.299999999999997, 0.0]
Result: [-8.600000000000001, -3.25, 0.0]
1492886974344805000
100.0 100.0
100.0
100.0 0.0
Lidar: True [-9.149999999999995, -3.3999999999999986, 0.0]
Radar: False [0.0, 0.0, 0.0]
RadarCam: False [0.0, -0.0, 0.0]
Camera: [0.0, 0.0, 0.0]
EstPos: [-8.600000000000001, -3.25, 0.0]
Result: [-9.149999999999995, -3.3999999999999986, 0.0]
1492886974444916000
100.0 100.0
100.0
100.0 0.0
Lidar: True [-10.0, -3.349999999999998, 0.0]
Radar: False [0.0, 0.0, 0.0]
RadarCam: False [0.0, -0.0, 0.0]
Camera: [0.0, 0.0, 0.0]
EstPos: [-9.149999999999995, -3.3999999999999986, 0.0]
Result: [-10.0, -3.349999999999998, 0.0]
1492886974544980000
100.0 100.0
100.0
100.0 0.0
Lidar: True [-10.649999999999999, -3.349999999999998, 0.0]
Radar: False [0.0, 0.0, 0.0]
RadarCam: False [0.0, -0.0, 0.0]
Camera: [0.0, 0.0, 0.0]
EstPos: [-10.0, -3.349999999999998, 0.0]
Result: [-10.649999999999999, -3.349999999999998, 0.0]
1492886974645088000
100.0 100.0
100.0
100.0 0.0
Lidar: True [-11.450000000000003, -3.5, 0.0]
Radar: False [0.0, 0.0, 0.0]
RadarCam: False [0.0, -0.0, 0.0]
Camera: [0.0, 0.0, 0.0]
EstPos: [-10.649999999999999, -3.349999999999998, 0.0]
Result: [-11.450000000000003, -3.5, 0.0]
1492886974745164000
100.0 100.0
100.0
100.0 0.0
Lidar: True [-11.900000000000002, -3.4499999999999993, 0.0]
Radar: False [0.0, 0.0, 0.0]
RadarCam: False [0.0, -0.0, 0.0]
Camera: [0.0, 0.0, 0.0]
EstPos: [-11.450000000000003, -3.5, 0.0]
Result: [-11.900000000000002, -3.4499999999999993, 0.0]
1492886974845239000
100.0 100.0
100.0
100.0 0.0
Lidar: True [-12.55, -3.5, 0.0]
Radar: False [0.0, 0.0, 0.0]
RadarCam: False [0.0, -0.0, 0.0]
Camera: [0.0, 0.0, 0.0]
EstPos: [-11.900000000000002, -3.4499999999999993, 0.0]
Result: [-12.55, -3.5, 0.0]
1492886974945354000
100.0 100.0
100.0
100.0 0.0
Lidar: True [-13.250000000000004, -3.5500000000000007, 0.0]
Radar: False [0.0, 0.0, 0.0]
RadarCam: False [0.0, -0.0, 0.0]
Camera: [0.0, 0.0, 0.0]
EstPos: [-12.55, -3.5, 0.0]
Result: [-13.250000000000004, -3.5500000000000007, 0.0]
1492886975045424000
100.0 100.0
100.0
100.0 0.0
Lidar: True [-13.849999999999998, -3.5500000000000007, 0.0]
Radar: False [0.0, 0.0, 0.0]
RadarCam: False [0.0, -0.0, 0.0]
Camera: [0.0, 0.0, 0.0]
EstPos: [-13.250000000000004, -3.5500000000000007, 0.0]
Result: [-13.849999999999998, -3.5500000000000007, 0.0]
1492886975145522000
100.0 100.0
100.0
100.0 0.0
Lidar: True [-14.450000000000006, -3.4499999999999993, 0.0]
Radar: False [0.0, 0.0, 0.0]
RadarCam: False [0.0, -0.0, 0.0]
Camera: [0.0, 0.0, 0.0]
EstPos: [-13.849999999999998, -3.5500000000000007, 0.0]
Result: [-14.450000000000006, -3.4499999999999993, 0.0]
1492886966237796000
100.0 0.0
Lidar: False [0.0, 0.0, 0.0]
Radar: False [0.0, 0.0, 0.0]
RadarCam: False [0.0, -0.0, 0.0]
Camera: [0.0, 0.0, 0.0]
EstPos: [0.0, 0.0, 0.0]
Result: [0.0, -0.0, 0.0]
1492886966337874000
100.0 0.0
Lidar: False [0.0, 0.0, 0.0]
Radar: False [0.0, 0.0, 0.0]
RadarCam: False [0.0, -0.0, 0.0]
Camera: [0.0, 0.0, 0.0]
EstPos: [0.0, 0.0, 0.0]
Result: [0.0, -0.0, 0.0]
1492886966437983000
100.0 0.0
Lidar: False [0.0, 0.0, 0.0]
Radar: False [0.0, 0.0, 0.0]
RadarCam: False [0.0, -0.0, 0.0]
Camera: [0.0, 0.0, 0.0]
EstPos: [0.0, 0.0, 0.0]
Result: [0.0, -0.0, 0.0]
1492886966538043000
0.00369675241793 0.00369675241793
0.00369675241793
0.00369675241793 26.1806634783
Lidar: False [0.0, 0.0, 0.0]
Radar: False [0.0, 0.0, 0.0]
RadarCam: True [26.299813836347944, 0.09722434327956643, 0.0]
Camera: [26.180484586273284, 0.09678321057631825, 0.0]
EstPos: [0.0, 0.0, 0.0]
Result: [26.299813836347944, 0.09722434327956643, 0.0]
1492886966638133000
0.00369675241793 0.00369675241793
0.00369675241793
0.00369675241793 26.1806634783
Lidar: False [0.0, 0.0, 0.0]
Radar: True [26.27250984891182, -1.2020423677546985, 0.0]
RadarCam: True [26.299814201660382, 0.09722434463004222, 0.0]
Camera: [26.180484586273284, 0.09678321057631825, 0.0]
EstPos: [26.299813836347944, 0.09722434327956643, 0.0]
Result: [26.299814201660382, 0.09722434463004222, 0.0]
1492886966738239000
0.00369675241793 0.00369675241793
0.00369675241793
0.00369675241793 26.1806634783
Lidar: False [0.0, 0.0, 0.0]
Radar: True [26.272926330566406, -1.1930465698242188, 0.0]
RadarCam: True [26.299820636485805, 0.09722436841810701, 0.0]
Camera: [26.180484586273284, 0.09678321057631825, 0.0]
EstPos: [26.299814201660382, 0.09722434463004222, 0.0]
Result: [26.299820636485805, 0.09722436841810701, 0.0]
1492886966838331000
0.00369675241793 0.00369675241793
0.00369675241793
0.00369675241793 26.1806634783
Lidar: False [0.0, 0.0, 0.0]
Radar: True [26.278453659070262, -1.0642061704291463, 0.0]
RadarCam: True [26.29981385698655, 0.0972243433558626, 0.0]
Camera: [26.180484586273284, 0.09678321057631825, 0.0]
EstPos: [26.299820636485805, 0.09722436841810701, 0.0]
Result: [26.29981385698655, 0.0972243433558626, 0.0]
1492886966938408000
0.00369675241793 0.004436047332
0.004436047332
0.004436047332 28.0072213953
Lidar: True [21.750000000000004, 6.5000000000000036, 0.0]
Radar: True [26.28201203772026, -0.9723890800304521, 0.0]
RadarCam: True [26.299735472745567, 0.11666763665924144, 0.0]
Camera: [28.00694582552452, 0.1242409522671234, 0.0]
EstPos: [26.29981385698655, 0.0972243433558626, 0.0]
Result: [26.299735472745567, 0.11666763665924144, 0.0]
1492886967038501000
0.00369675241793 0.004436047332
0.004436047332
0.004436047332 28.0072213953
Lidar: False [0.0, 0.0, 0.0]
Radar: True [26.186815569563006, -0.8309239381679842, 0.0]
RadarCam: True [26.19973733147893, 0.11622403726167391, 0.0]
Camera: [28.00694582552452, 0.1242409522671234, 0.0]
EstPos: [26.299735472745567, 0.11666763665924144, 0.0]
Result: [26.19973733147893, 0.11622403726167391, 0.0]
1492886967138586000
0.00369675241793 0.004436047332
0.004436047332
0.004436047332 28.0072213953
Lidar: False [0.0, 0.0, 0.0]
Radar: True [26.089602656664102, -0.7364586640773937, 0.0]
RadarCam: True [26.099738179486693, 0.11578043338045037, 0.0]
Camera: [28.00694582552452, 0.1242409522671234, 0.0]
EstPos: [26.19973733147893, 0.11622403726167391, 0.0]
Result: [26.099738179486693, 0.11578043338045037, 0.0]
1492886967238680000
0.00369675241793 0.004436047332
0.004436047332
0.004436047332 28.0072213953
Lidar: False [0.0, 0.0, 0.0]
Radar: True [25.99202811491225, -0.6435682050278629, 0.0]
RadarCam: True [25.99973851747734, 0.1153368272367519, 0.0]
Camera: [28.00694582552452, 0.1242409522671234, 0.0]
EstPos: [26.099738179486693, 0.11578043338045037, 0.0]
Result: [25.99973851747734, 0.1153368272367519, 0.0]
1492886967338764000
0.004436047332 0.00448579324757
0.00448579324757
0.00448579324757 28.3367181176
Lidar: False [0.0, 0.0, 0.0]
Radar: True [25.80873565014658, -0.630751876076512, 0.0]
RadarCam: True [25.81618237783559, 0.11580683335782882, 0.0]
Camera: [28.336433017571892, 0.12711223249021492, 0.0]
EstPos: [25.99973851747734, 0.1153368272367519, 0.0]
Result: [25.81618237783559, 0.11580683335782882, 0.0]
1492886967438823000
0.004436047332 0.00448579324757
0.00448579324757
0.00448579324757 28.3367181176
Lidar: False [0.0, 0.0, 0.0]
Radar: True [25.71018759998789, -0.6283434583190317, 0.0]
RadarCam: True [25.717605894188328, 0.11536463666709966, 0.0]
Camera: [28.336433017571892, 0.12711223249021492, 0.0]
EstPos: [25.81618237783559, 0.11580683335782882, 0.0]
Result: [25.717605894188328, 0.11536463666709966, 0.0]
